Chest open

 [2]opJoin - map[0:4854 1:[-45 -35 124 14 -23 103 -41 74 -71 66 67 20 -12 60 44 -101] 2:Triky313]


[370]evUnlockVanityUnlock - map[0:4769 1:[-69 339] 3:TREASURE_SOLO_STANDARD 4:STEPPE_RED_LOOTCHEST_TREASURE_SOLO_STANDARD 5:4 6:637927505842117998 7:[] 8:[] 13:true 14:STEPPE_RED_TREASURE_SOLO 16:685fc1a1-7e7c-5e40-9802-86451090a5ce 252:370]
[371]evAvatarUnlocked - map[0:4769 1:5 2:637927794424868192 3:[[-45 -35 124 14 -23 103 -41 74 -71 66 67 20 -12 60 44 -101]] 4:[[-45 -35 124 14 -23 103 -41 74 -71 66 67 20 -12 60 44 -101]] 6:true 7:true 8:2.6 9:true 252:371]
[372]evCustomizationChanged - map[0:4769 252:372]
[372]evCustomizationChanged - map[0:4769 252:372]

[370]evUnlockVanityUnlock - map[0:69156 1:[-10 -239] 3:TREASURE_ELITE_UNCOMMON 4:MOUNTAIN_DEAD_LOOTCHEST_TREASURE_ELITE_UNCOMMON 5:1 6:637928083287883255 7:[] 8:[] 13:true 14:MOUNTAIN_DEAD_TREASURE_ELITE 16:575fdfe5-4296-5934-9195-234f86107c49 252:370]



[370]evUnlockVanityUnlock - map[0:2916 1:[-14 -144] 2:315 3:AVALON_STANDARD_UNCOMMON_T8 4:FOREST_RED_LOOTCHEST_AVALON_STANDARD_UNCOMMON_T8 5:2 6:637928786354147399 7:[] 8:[] 13:true 14:AVALON_MEDIUM_STANDARD_T8 252:370]
[370]evUnlockVanityUnlock - map[0:2905 1:[95 -142] 3:AVALON_STANDARD_STANDARD_T8 4:FOREST_RED_LOOTCHEST_AVALON_STANDARD_STANDARD_T8 5:2 6:637928783952135144 7:[] 8:[] 13:true 14:AVALON_MEDIUM_STANDARD_T8 252:370]
[370]evUnlockVanityUnlock - map[0:2916 1:[-14 -144] 2:315 3:AVALON_STANDARD_UNCOMMON_T8 4:FOREST_RED_LOOTCHEST_AVALON_STANDARD_UNCOMMON_T8 5:2 6:637928786354147399 7:[] 8:[] 13:true 14:AVALON_MEDIUM_STANDARD_T8 252:370]
[371]evAvatarUnlocked - map[0:2916 1:4 2:637928817891015357 3:[] 4:[] 9:true 252:371]
[371]evAvatarUnlocked - map[0:2916 1:5 2:637928817954849147 3:[[-45 -35 124 14 -23 103 -41 74 -71 66 67 20 -12 60 44 -101] [23 60 26 107 70 -97 -119 67 -119 17 117 2 14 87 72 -69]] 4:[[-45 -35 124 14 -23 103 -41 74 -71 66 67 20 -12 60 44 -101] [23 60 26 107 70 -97 -119 67 -119 17 117 2 14 87 72 -69]] 5:true 6:true 7:true 8:2.6 252:371]


0:264 
1:[-45 -35 124 14 -23 103 -41 74 -71 66 67 20 -12 60 44 -101] 
2:Triky313

DEBU[2022-07-08T15:30:24+02:00] EventDataType: [371]evAvatarUnlocked - map[0:17733 1:4 2:637928838242303711 3:[] 4:[] 9:true 252:371]
DEBU[2022-07-08T15:30:30+02:00] EventDataType: [371]evAvatarUnlocked - map[0:17733 1:5 2:637928838310252080 
3:[[-45 -35 124 14 -23 103 -41 74 -71 66 67 20 -12 60 44 -101] [23 60 26 107 70 -97 -119 67 -119 17 117 2 14 87 72 -69] [-79 81 126 -46 126 -119 -106 78 -84 90 5 6 -58 124 126 -21] [-28 11 87 -39 -49 -33 -57 64 -86 126 -26 -36 51 29 7 95]] 
4:[[-45 -35 124 14 -23 103 -41 74 -71 66 67 20 -12 60 44 -101] [23 60 26 107 70 -97 -119 67 -119 17 117 2 14 87 72 -69] [-79 81 126 -46 126 -119 -106 78 -84 90 5 6 -58 124 126 -21] [-28 11 87 -39 -49 -33 -57 64 -86 126 -26 -36 51 29 7 95]] 5:true 6:true 7:true 8:2.6 252:371]
DEBU[2022-07-08T15:30:32+02:00] EventDataType: [372]evCustomizationChanged - map[0:17733 252:372]
DEBU[2022-07-08T15:30:46+02:00] EventDataType: [371]evAvatarUnlocked - map[0:17733 1:5 2:637928838310252080 
3:[[-45 -35 124 14 -23 103 -41 74 -71 66 67 20 -12 60 44 -101] [23 60 26 107 70 -97 -119 67 -119 17 117 2 14 87 72 -69] [-79 81 126 -46 126 -119 -106 78 -84 90 5 6 -58 124 126 -21] [-28 11 87 -39 -49 -33 -57 64 -86 126 -26 -36 51 29 7 95]] 
4:[[-45 -35 124 14 -23 103 -41 74 -71 66 67 20 -12 60 44 -101] [23 60 26 107 70 -97 -119 67 -119 17 117 2 14 87 72 -69] [-28 11 87 -39 -49 -33 -57 64 -86 126 -26 -36 51 29 7 95]] 5:true 6:true 7:true 8:2.6 252:371]
DEBU[2022-07-08T15:31:20+02:00] EventDataType: [371]evAvatarUnlocked - map[0:17733 1:5 2:637928838310252080 
3:[[-45 -35 124 14 -23 103 -41 74 -71 66 67 20 -12 60 44 -101] [23 60 26 107 70 -97 -119 67 -119 17 117 2 14 87 72 -69] [-79 81 126 -46 126 -119 -106 78 -84 90 5 6 -58 124 126 -21] [-28 11 87 -39 -49 -33 -57 64 -86 126 -26 -36 51 29 7 95]] 
4:[[-45 -35 124 14 -23 103 -41 74 -71 66 67 20 -12 60 44 -101] [23 60 26 107 70 -97 -119 67 -119 17 117 2 14 87 72 -69]] 5:true 6:true 7:true 8:2.6 252:371]